test loss: 0.6973437070846558, test metrics: {'accuracy': 0.6354166666666666, 'f1_score': 0.4067796610169492, 'auc': 0.6199677938808373} on best_epoch_14_vanilla_videomae_camus_ef_classification

initial_lr: 3e-6
batch_size: 8
mixed_precision: bf16

num_gpus: 2 A100 40G