test loss: 0.12211774289608002, test metrics: {'mae': 0.27101883, 'mse': 0.12048292, 'rmse': 0.3471065, 'r2': 0.3804317845879289} on best_epoch_38_vivit_echonet_dynamic_edv_regression

initial_lr: 1e-3
batch_size: 16
mixed_precision: bf16
num_epochs: 50

num_gpus: 2 A100 80G